%YAML:1.0
---
aruco_bc_dict: ARUCO_MIP_36h12
aruco_bc_nmarkers: 8
aruco_bc_mInfoType: 1
aruco_bc_markers:
   - { id:0, corners: [[1.4111000845620707, 1.500141586866722, 1.0888999718126402], [1.5889000281873509, 1.4999999999775537, 1.0888999718126402], [1.5888999154379293, 1.499858413133278, 0.9111000281873599], [1.4110999718126491, 1.5000000000224463, 0.9111000281873599]] }
   - { id:1, corners: [[-0.08889991543792923, 1.500141586866722, 0.5888999718126401], [0.08890002818735097, 1.4999999999775537, 0.5888999718126401], [0.08889991543792923, 1.499858413133278, 0.4111000281873599], [-0.08890002818735097, 1.5000000000224463, 0.4111000281873599]] }
   - { id:2, corners: [[-1.5888999154379293, 1.500141586866722, 1.0888999718126402], [-1.4110999718126491, 1.4999999999775537, 1.0888999718126402], [-1.4111000845620707, 1.499858413133278, 0.9111000281873599], [-1.5889000281873509, 1.5000000000224463, 0.9111000281873599]] }
   - { id:3, corners: [[-2.5002123801990743, -0.5888997745011922, 0.5888999718126401], [-2.499929206510523, -0.41110000000003577, 0.5888999718126401], [-2.4997876198009257, -0.4111002254988077, 0.4111000281873599], [-2.500070793489477, -0.5888999999999642, 0.4111000281873599]] }
   - { id:4, corners: [[-2.5002123801990743, 0.4111002254988077, 1.0888999718126402], [-2.499929206510523, 0.5888999999999642, 1.0888999718126402], [-2.4997876198009257, 0.5888997745011922, 0.9111000281873599], [-2.500070793489477, 0.41110000000003577, 0.9111000281873599]] }
   - { id:5, corners: [[-0.08889991543792923, 1.500141586866722, 1.5888999718126402], [0.08890002818735097, 1.4999999999775537, 1.5888999718126402], [0.08889991543792923, 1.499858413133278, 1.4111000281873598], [-0.08890002818735097, 1.5000000000224463, 1.4111000281873598]] }
   - { id:6, corners: [[2.5000707934445843, 0.5889, 1.0888999718126402], [2.5000707934445843, 0.4111, 1.0888999718126402], [2.4999292065554157, 0.4111, 0.9111000281873599], [2.4999292065554157, 0.5889, 0.9111000281873599]] }
   - { id:7, corners: [[2.5000707934445843, -0.4111, 0.5888999718126401], [2.5000707934445843, -0.5889, 0.5888999718126401], [2.4999292065554157, -0.5889, 0.4111000281873599], [2.4999292065554157, -0.4111, 0.4111000281873599]] }