%YAML:1.0
---
aruco_bc_dict: ARUCO_MIP_36h12
aruco_bc_nmarkers: 8
aruco_bc_mInfoType: 1
aruco_bc_markers:
   - { id:0, corners: [[1.411100852555088, 1.5, 1.088899147444912], [1.588899147444912, 1.5, 1.088899147444912], [1.588899147444912, 1.5, 0.911100852555088], [1.411100852555088, 1.5, 0.911100852555088]] }
   - { id:1, corners: [[-0.08889914744491198, 1.5, 0.588899147444912], [0.08889914744491198, 1.5, 0.588899147444912], [0.08889914744491198, 1.5, 0.411100852555088], [-0.08889914744491198, 1.5, 0.411100852555088]] }
   - { id:2, corners: [[-1.588899147444912, 1.5, 1.088899147444912], [-1.411100852555088, 1.5, 1.088899147444912], [-1.411100852555088, 1.5, 0.911100852555088], [-1.588899147444912, 1.5, 0.911100852555088]] }
   - { id:3, corners: [[-2.5, 0.411100852555088, -0.411100852555088], [-2.5, 0.588899147444912, -0.411100852555088], [-2.5, 0.588899147444912, -0.588899147444912], [-2.5, 0.411100852555088, -0.588899147444912]] }
   - { id:4, corners: [[-2.5, 0.911100852555088, 0.588899147444912], [-2.5, 1.088899147444912, 0.588899147444912], [-2.5, 1.088899147444912, 0.411100852555088], [-2.5, 0.911100852555088, 0.411100852555088]] }
   - { id:5, corners: [[-0.08889914744491198, 1.5, 1.588899147444912], [0.08889914744491198, 1.5, 1.588899147444912], [0.08889914744491198, 1.5, 1.411100852555088], [-0.08889914744491198, 1.5, 1.411100852555088]] }
   - { id:6, corners: [[2.5, 1.088899147444912, 0.588899147444912], [2.5, 0.911100852555088, 0.588899147444912], [2.5, 0.911100852555088, 0.411100852555088], [2.5, 1.088899147444912, 0.411100852555088]] }
   - { id:7, corners: [[2.5, 0.588899147444912, -0.411100852555088], [2.5, 0.411100852555088, -0.411100852555088], [2.5, 0.411100852555088, -0.588899147444912], [2.5, 0.588899147444912, -0.588899147444912]] }
