%YAML:1.0
---
aruco_bc_dict: ARUCO_MIP_36h12
aruco_bc_nmarkers: 8
aruco_bc_mInfoType: 1
aruco_bc_markers:
   - { id:0, corners:[[1.374276414305032, 1.125723585694968, 1.5], [1.625723585694968, 1.125723585694968, 1.5], [1.625723585694968, 0.8742764143050319, 1.5], [1.374276414305032, 0.8742764143050319, 1.5]] }
   - { id:1, corners:[[-0.12572358569496817, 0.6257235856949681, 1.5], [0.12572358569496817, 0.6257235856949681, 1.5], [0.12572358569496817, 0.37427641430503183, 1.5], [-0.12572358569496817, 0.37427641430503183, 1.5]] }
   - { id:2, corners:[[-1.625723585694968, 1.125723585694968, 1.5], [-1.374276414305032, 1.125723585694968, 1.5], [-1.374276414305032, 0.8742764143050319, 1.5], [-1.625723585694968, 0.8742764143050319, 1.5]] }
   - { id:3, corners:[[-2.5, 0.6257235856949681, -0.37427641430503183], [-2.5, 0.6257235856949681, -0.6257235856949681], [-2.5, 0.37427641430503183, -0.6257235856949681], [-2.5, 0.37427641430503183, -0.37427641430503183]] }
   - { id:4, corners:[[-2.5, 1.125723585694968, 0.6257235856949681], [-2.5, 1.125723585694968, 0.37427641430503183], [-2.5, 0.8742764143050319, 0.37427641430503183], [-2.5, 0.8742764143050319, 0.6257235856949681]] }
   - { id:5, corners: [[-0.12572358569496817, 1.625723585694968, 1.5], [0.12572358569496817, 1.625723585694968, 1.5], [0.12572358569496817, 1.374276414305032, 1.5], [-0.12572358569496817, 1.374276414305032, 1.5]] }
   - { id:6, corners:[[2.5, 0.8742764143050319, 0.6257235856949681], [2.5, 1.125723585694968, 0.6257235856949681], [2.5, 1.125723585694968, 0.37427641430503183], [2.5, 0.8742764143050319, 0.37427641430503183]] }
   - { id:7, corners: [[2.5, 0.37427641430503183, -0.37427641430503183], [2.5, 0.6257235856949681, -0.37427641430503183], [2.5, 0.6257235856949681, -0.6257235856949681], [2.5, 0.37427641430503183, -0.6257235856949681]] }

