%YAML:1.0
---
aruco_bc_dict: ARUCO_MIP_36h12
aruco_bc_nmarkers: 8
aruco_bc_mInfoType: 1
aruco_bc_markers:
    - { id:0, corners: [[1.4111, 1.0888999718126402, -1.5000707934445843], [1.5889, 1.0888999718126402, -1.5000707934445843], [1.5889, 0.9111000281873599, -1.4999292065554157], [1.4111, 0.9111000281873599, -1.4999292065554157]] }
    - { id:1, corners: [[-0.0889, 0.5888999718126401, -1.5000707934445843], [0.0889, 0.5888999718126401, -1.5000707934445843], [0.0889, 0.4111000281873599, -1.4999292065554157], [-0.0889, 0.4111000281873599, -1.4999292065554157]] }
    - { id:2, corners: [[-1.5889, 1.0888999718126402, -1.5000707934445843], [-1.4111, 1.0888999718126402, -1.5000707934445843], [-1.4111, 0.9111000281873599, -1.4999292065554157], [-1.5889, 0.9111000281873599, -1.4999292065554157]] }
    - { id:3, corners: [[-0.0889, 1.5888999718126402, -1.5000707934445843], [0.0889, 1.5888999718126402, -1.5000707934445843], [0.0889, 1.4111000281873598, -1.4999292065554157], [-0.0889, 1.4111000281873598, -1.4999292065554157]] }
    - { id:4, corners: [[-2.500141586866722, 1.0888999718126402, -0.41110008456207076], [-2.4999999999775535, 1.0888999718126402, -0.588900028187351], [-2.499858413133278, 0.9111000281873599, -0.5888999154379292], [-2.5000000000224465, 0.9111000281873599, -0.411099971812649]] }
    - { id:5, corners: [[-2.500141586866722, 0.5888999718126401, 0.5888999154379292], [-2.4999999999775535, 0.5888999718126401, 0.411099971812649], [-2.499858413133278, 0.4111000281873599, 0.41110008456207076], [-2.5000000000224465, 0.4111000281873599, 0.588900028187351]] }
    - { id:6, corners: [[2.4999999999775535, 1.0888999718126402, -0.588900028187351], [2.500141586866722, 1.0888999718126402, -0.41110008456207076], [2.5000000000224465, 0.9111000281873599, -0.411099971812649], [2.499858413133278, 0.9111000281873599, -0.5888999154379292]] }
    - { id:7, corners: [[2.4999999999775535, 0.5888999718126401, 0.411099971812649], [2.500141586866722, 0.5888999718126401, 0.5888999154379292], [2.5000000000224465, 0.4111000281873599, 0.588900028187351], [2.499858413133278, 0.4111000281873599, 0.41110008456207076]] }